Frame,M00,M01,M02,M03,M10,M11,M12,M13,M20,M21,M22,M23,M30,M31,M32,M33
1.0,0.3136829077395203,0.7960242589634415,-0.5176373368815115,0.0,0.2193461169096045,0.4696593773419051,0.8551651011772478,0.0,0.9238453952847075,-0.3817924153470284,-0.02728071103773496,0.0,0.45133447647094727,1.5847609043121338,0.03668110817670822,1.0
2.0,0.31361211333657085,0.7960433049417074,-0.5176509432291742,0.0,0.21930726895180042,0.4696922924410347,0.8551569868780751,0.0,0.9238786522879899,-0.38171220451928095,-0.027276890723799564,0.0,0.455456018447876,1.5862491130828857,0.0371415950357914,1.0
3.0,0.31338805009295106,0.7961197757382396,-0.5176690378392679,0.0,0.21917659577373225,0.46977280237853786,0.8551462646883591,0.0,0.923985687077444,-0.38145355788602964,-0.027269639750343293,0.0,0.4671444892883301,1.590401530265808,0.03845050558447838,1.0
4.0,0.3130184398623907,0.7962398527759469,-0.5177079805811897,0.0,0.21893306442065336,0.4699268048250492,0.8551240327638454,0.0,0.9241686911000052,-0.3810129852882427,-0.027227475686232804,0.0,0.48538637161254883,1.5967483520507812,0.040515147149562836,1.0
5.0,0.3124973953489371,0.7964220032645802,-0.5177425717633843,0.0,0.21856546623697476,0.47013181364998785,0.8551053822557703,0.0,0.9244319958053941,-0.3803788512919799,-0.027155379228615363,0.0,0.5091660022735596,1.6048204898834229,0.04325920715928078,1.0
6.0,0.31182329693436606,0.7966654189702738,-0.5177745085516477,0.0,0.2180181750161475,0.47041218984551597,0.8550908998506386,0.0,0.9247887904011439,-0.37952151699431286,-0.02700206078662992,0.0,0.537470281124115,1.6141438484191895,0.046618908643722534,1.0
7.0,0.31099088941781644,0.79698112129109,-0.5177892998167423,0.0,0.21730713459266268,0.4707453541926507,0.8550885455677454,0.0,0.925236335189146,-0.37844405638301765,-0.026792167402536655,0.0,0.5692840218544006,1.6242555379867554,0.05053957551717758,1.0
8.0,0.3100160746495914,0.7973486330519165,-0.5178080636964814,0.0,0.21640301473463433,0.4711646403665899,0.8550869060405404,0.0,0.9257752257824903,-0.37714591213277443,-0.026480035666837792,0.0,0.603593647480011,1.6346862316131592,0.05497263744473457,1.0
9.0,0.30918752833609825,0.798604849616499,-0.5163655357306716,0.0,0.21420889198446344,0.47053427688461,0.8559860074040145,0.0,0.9265622606798762,-0.3752702871873634,-0.025584929902403446,0.0,0.6392583847045898,1.6450705528259277,0.06083230674266815,1.0
10.0,0.3086849290406174,0.8013464676459062,-0.5124036039828542,0.0,0.20996489645979818,0.46801489806144075,0.8584152826267514,0.0,0.9277005749905597,-0.3725666302609076,-0.023785482509650135,0.0,0.6751608848571777,1.655022144317627,0.06878963857889175,1.0
11.0,0.3084165851309576,0.8052188109215933,-0.5064601431052339,0.0,0.20402113480686213,0.46403154991124257,0.8620035366743517,0.0,0.9291149479845208,-0.3691847602826873,-0.021166629555404628,0.0,0.7103195190429688,1.6640114784240723,0.07843382656574249,1.0
12.0,0.30637179712221946,0.8088195851122185,-0.5019434237710466,0.0,0.19983251857186518,0.46090256953048503,0.8646593467495864,0.0,0.9307004278764067,-0.3652118565149483,-0.02042090623792227,0.0,0.7478411197662354,1.671553611755371,0.08521485328674316,1.0
13.0,0.30198656002065233,0.8105223509112522,-0.501854198189265,0.0,0.1987881627386711,0.46132045732360494,0.8646772241765845,0.0,0.9323558247374639,-0.36088357447802605,-0.021809671021966685,0.0,0.7902601361274719,1.677195429801941,0.08603406697511673,1.0
14.0,0.2961470779245125,0.8103021953912883,-0.5056750541413241,0.0,0.19926384388846619,0.46536055359842465,0.8623998351538346,0.0,0.9341257028663571,-0.35615994623009783,-0.023648762035424133,0.0,0.8356389999389648,1.6804901361465454,0.08223265409469604,1.0
15.0,0.2885744661188508,0.8089048664550219,-0.5122476886522802,0.0,0.20127373736174342,0.47180228638957716,0.8584238377433397,0.0,0.9360628505355055,-0.3508212074304383,-0.026661212732978848,0.0,0.8820430040359497,1.6797293424606323,0.07457096874713898,1.0
16.0,0.27894726232332867,0.8071892135721529,-0.5202249497429833,0.0,0.20534455731464232,0.4790608049883364,0.8534250745702173,0.0,0.9380948979839798,-0.3448859501584496,-0.03211921169222155,0.0,0.9276195168495178,1.6747186183929443,0.06371816992759705,1.0
17.0,0.26796269576465287,0.805412655127739,-0.5286836943188489,0.0,0.21070017589252776,0.48647687601040196,0.8479066487450242,0.0,0.9401071372760649,-0.3386010987389821,-0.03934293297856833,0.0,0.9706049561500549,1.6665931940078735,0.05074765533208847,1.0
18.0,0.25722021443333865,0.8032054789286892,-0.537306914068489,0.0,0.21540082246285086,0.49437163432059034,0.8421396397638079,0.0,0.9420404699211148,-0.33235168992819,-0.04584874297820535,0.0,1.009340524673462,1.655992031097412,0.03709353879094124,1.0
19.0,0.248584198032925,0.7999757876401441,-0.546117785535189,0.0,0.21690385155276687,0.5035226729355012,0.8363119256721523,0.0,0.9440119785627208,-0.3263489804326335,-0.04835004964503925,0.0,1.0422935485839844,1.6433745622634888,0.02430814690887928,1.0
20.0,0.2435803224941727,0.7940392776213939,-0.5569293061853811,0.0,0.21354018656501228,0.5162273946580394,0.8294033190953318,0.0,0.9460809770920323,-0.32095311588932723,-0.04381646021208824,0.0,1.068027138710022,1.6290919780731201,0.012775823473930359,1.0
21.0,0.2440661881498255,0.7844503543664554,-0.5701485221732637,0.0,0.20290948798245326,0.5336051468824915,0.8210318428095305,0.0,0.9482929059571799,-0.3160746569322781,-0.02893744557541408,0.0,1.0850930213928223,1.6137436628341675,0.0036653056740760803,1.0
22.0,0.24306202439442537,0.7728537228880733,-0.586189368135698,0.0,0.19365834452231026,0.5534831571639085,0.8100326168326499,0.0,0.9504826657515443,-0.3104086302825961,-0.015138835883931098,0.0,1.094213604927063,1.597521424293518,-0.008732743561267853,1.0
23.0,0.23079045487799638,0.7613991034861813,-0.6058111678961084,0.0,0.19684599307753434,0.5732086344568106,0.7954140534297077,0.0,0.9528837394701029,-0.3028254721693635,-0.01758728116779925,0.0,1.0977554321289062,1.5820832252502441,-0.03152012079954147,1.0
24.0,0.2064599647817048,0.751190989298274,-0.6269660122681433,0.0,0.21190313617605058,0.5912366850677276,0.7781620930814344,0.0,0.9552336592798075,-0.2935153826074624,-0.03711302132275935,0.0,1.0965673923492432,1.56938636302948,-0.06361976265907288,1.0
25.0,0.17168311553265214,0.7433193149748586,-0.6465302033364789,0.0,0.23672815833239672,0.605917708822548,0.7594889789771709,0.0,0.956286927074481,-0.2834433384656283,-0.07193877247983563,0.0,1.091759204864502,1.5598466396331787,-0.10231999307870865,1.0
26.0,0.13238450354779982,0.738872311494838,-0.6607132892009041,0.0,0.2665707293029892,0.6154819763940145,0.7417020850806544,0.0,0.9546802551112465,-0.27431668567623224,-0.11548145504942409,0.0,1.0856784582138062,1.5529944896697998,-0.14208418130874634,1.0
27.0,0.09822152818327946,0.7386023804890517,-0.6669475653582126,0.0,0.294947295348975,0.6184707517016548,0.7283543246634255,0.0,0.950451800128584,-0.2682544553693307,-0.15710163209476224,0.0,1.0825657844543457,1.5479826927185059,-0.17566055059432983,1.0
28.0,0.07764890272893947,0.7424342096755829,-0.6654037061877429,0.0,0.3170266568548596,0.6143893388839039,0.7225094041666382,0.0,0.9452326416012213,-0.26705277487641277,-0.18766477741543625,0.0,1.0873396396636963,1.543883204460144,-0.1978592574596405,1.0
29.0,0.06829352708706811,0.7485470187875739,-0.6595554221005565,0.0,0.33454048269802716,0.6056411723524124,0.7219982242275714,0.0,0.9399035373878423,-0.269955794558722,-0.20905790917827102,0.0,1.1010653972625732,1.5409854650497437,-0.2121087908744812,1.0
30.0,0.06454554196953968,0.754929361112146,-0.6526220443278524,0.0,0.34985334677008,0.5953592940594618,0.7232910525720567,0.0,0.9345782518150273,-0.27500721937401285,-0.22568677525841205,0.0,1.1216155290603638,1.5403761863708496,-0.2234254777431488,1.0
31.0,0.0661022918552189,0.7608866069699939,-0.6455091466007107,0.0,0.3624111855850322,0.5844370364275873,0.7260106631548812,0.0,0.9296712427381729,-0.28193070387141084,-0.2371211897748323,0.0,1.1482621431350708,1.5423167943954468,-0.232003852725029,1.0
32.0,0.07224890062724848,0.7664261343149538,-0.6382562784628055,0.0,0.3725922883844555,0.5728594788122662,0.7300732868495968,0.0,0.9251784060356083,-0.29055635972040816,-0.24417599970397588,0.0,1.1801552772521973,1.5470174551010132,-0.2381705641746521,1.0
33.0,0.08304964710861433,0.7708481621704752,-0.6315820350465452,0.0,0.37928345867038815,0.5616242617900775,0.7353381851554961,0.0,0.9215458827937774,-0.30061819546918866,-0.24572726030842804,0.0,1.2165472507476807,1.5546245574951172,-0.2417708784341812,1.0
34.0,0.09861329814352701,0.7736239567261223,-0.625924429151535,0.0,0.3814709104411547,0.5515520826749432,0.7418020251954892,0.0,0.919105740334839,-0.3119235061298711,-0.2407246651408949,0.0,1.2566521167755127,1.5650863647460938,-0.2425934076309204,1.0
35.0,0.11819397923675642,0.7750938779288992,-0.6206928899780649,0.0,0.3798127492198189,0.5422543007123112,0.7494681773691833,0.0,0.9174815849935432,-0.32432969915834625,-0.23029934312019307,0.0,1.2994999885559082,1.5779945850372314,-0.24083681404590607,1.0
36.0,0.14114249863481765,0.7755857447106377,-0.6152605526772913,0.0,0.3748449202012928,0.5333425505236576,0.7583119474201933,0.0,0.9162805688643666,-0.3376573357748432,-0.21544707637614374,0.0,1.3441205024719238,1.5924099683761597,-0.23663842678070068,1.0
37.0,0.16686780436473572,0.7754142493423468,-0.6090056467581701,0.0,0.36693034660943413,0.5244632960680095,0.7683100753045999,0.0,0.9151596891272981,-0.3516688683894613,-0.19700698059232044,0.0,1.389542579650879,1.6066635847091675,-0.23008683323860168,1.0
38.0,0.19486352651120414,0.7748742682445784,-0.6013302540601515,0.0,0.3562945514458937,0.5152801945977903,0.7794488525010688,0.0,0.9138284295454955,-0.36613684527467666,-0.17567416397046223,0.0,1.4348183870315552,1.6183890104293823,-0.22121593356132507,1.0
39.0,0.2245824186911968,0.7743685065853442,-0.5915371106055779,0.0,0.3430475868730186,0.5053558142883763,0.7917915471293762,0.0,0.9120751560893493,-0.3807478390926414,-0.15215121646202276,0.0,1.4789948463439941,1.6248719692230225,-0.2099725306034088,1.0
40.0,0.2555166253824444,0.7743993037745807,-0.5788065069318177,0.0,0.32696530562340165,0.4941877291425137,0.8055260252056177,0.0,0.909837866365081,-0.39507493805404853,-0.1269285241772966,0.0,1.5211286544799805,1.6281020641326904,-0.1961165964603424,1.0
41.0,0.2873280279761583,0.7758493520505215,-0.5616942115262697,0.0,0.307310517457493,0.48074892081947623,0.8212433993591164,0.0,0.9071950452903388,-0.40858078522330793,-0.10029402647698003,0.0,1.5602285861968994,1.6315675973892212,-0.1789444386959076,1.0
42.0,0.32003762453850654,0.7811073256719999,-0.5361410865260059,0.0,0.2813423674751325,0.4620201226018436,0.8410611622078772,0.0,0.90466700566741,-0.4200104190285209,-0.07189476173024627,0.0,1.5950926542282104,1.6351463794708252,-0.15594370663166046,1.0
43.0,0.3457936748204335,0.7856219706815253,-0.5130544353542389,0.0,0.2586431635868765,0.44579561382680916,0.8569538987731784,0.0,0.9019592276727106,-0.4290272600607741,-0.049042448356422824,0.0,1.6258280277252197,1.638439416885376,-0.13423535227775574,1.0
44.0,0.3592855236651504,0.7869136685837159,-0.5016779750804059,0.0,0.2516938899397694,0.43594455264734905,0.864061648717318,0.0,0.8986457022940942,-0.43671412298346884,-0.041432795405737445,0.0,1.6545960903167725,1.6408318281173706,-0.1208314523100853,1.0
45.0,0.3631677426511444,0.7880533064899263,-0.4970726071993572,0.0,0.25841436500044107,0.4273747729727258,0.8663560580892419,0.0,0.8951710488275919,-0.44308327609694925,-0.04843556321654216,0.0,1.6821153163909912,1.642390489578247,-0.11320076137781143,1.0
46.0,0.3594976081715239,0.7898367077513069,-0.4969098960652021,0.0,0.27595236719258054,0.4187085949130327,0.8651782496033782,0.0,0.8914099846646125,-0.44815297347505184,-0.06743257080747282,0.0,1.7087055444717407,1.643265724182129,-0.10982157289981842,1.0
47.0,0.3503197703977565,0.7924074504487845,-0.4993660890986896,0.0,0.30069287957224605,0.40978224709158423,0.8611981782047163,0.0,0.8870512108345346,-0.45185057534745826,-0.09471645535574634,0.0,1.7344872951507568,1.6436662673950195,-0.10921414196491241,1.0
48.0,0.3378316837738048,0.7955600623362613,-0.5029452660619046,0.0,0.32854987564185734,0.4010692259702178,0.8551014297703932,0.0,0.8820004153367934,-0.4541229604360194,-0.12588726762683164,0.0,1.759575366973877,1.6437839269638062,-0.1098908931016922,1.0
49.0,0.3242899800017337,0.7989691014731937,-0.5064428731472019,0.0,0.35554765024708174,0.39317216607376926,0.8479395710949216,0.0,0.876596758649183,-0.45504288008491917,-0.15656979277551522,0.0,1.7841966152191162,1.6437351703643799,-0.11038735508918762,1.0
50.0,0.312179872127663,0.8021429546875785,-0.5090288868850543,0.0,0.3778006068641206,0.38679522835216557,0.8412230101329246,0.0,0.8716710554397561,-0.45492431411068546,-0.18230041014617668,0.0,1.8087263107299805,1.643566370010376,-0.10930872708559036,1.0
51.0,0.30403665651829753,0.8044823646676961,-0.5102644769448946,0.0,0.39179338689434884,0.382637105742603,0.8367118902554086,0.0,0.8683660826397067,-0.4543093332164728,-0.19885516406011206,0.0,1.8336708545684814,1.6432430744171143,-0.10538161545991898,1.0
52.0,0.3024077158382438,0.8051919230415892,-0.5101132623938369,0.0,0.3942299626179465,0.38159621070401295,0.8360425040334918,0.0,0.8678319595265829,-0.45392763635289507,-0.2020331432694284,0.0,1.8596131801605225,1.6426408290863037,-0.0975412130355835,1.0
53.0,0.306363071169857,0.807151215525573,-0.5046271731674415,0.0,0.3744689051060019,0.3851860622090656,0.843448123234966,0.0,0.875165531617925,-0.44736854242946483,-0.18424624694264696,0.0,1.8840904235839844,1.643735647201538,-0.08381419628858566,1.0
54.0,0.31047282032481077,0.8133594383053662,-0.4919888738164073,0.0,0.3300722767337672,0.393119047703666,0.8582014369973697,0.0,0.8914364363045438,-0.42884010825964247,-0.14641462214038925,0.0,1.9047648906707764,1.6471341848373413,-0.06458418816328049,1.0
55.0,0.3101792856356585,0.8228139257685274,-0.47619959504806053,0.0,0.2722422943144734,0.4030492036647014,0.8737479456980953,0.0,0.91086384490161,-0.4006601839297665,-0.09898723687638458,0.0,1.9223099946975708,1.6501215696334839,-0.04337243735790253,1.0
56.0,0.30228301289182324,0.8340855927527145,-0.46143927453067385,0.0,0.2136349309138682,0.4124908022151252,0.8855571434872792,0.0,0.9289699114667108,-0.36626842895651734,-0.05350085550022575,0.0,1.9378248453140259,1.649037480354309,-0.024030044674873352,1.0
57.0,0.28618368544919,0.8453133771019313,-0.45115872226440124,0.0,0.16649356587499609,0.4198192357614655,0.8922060870711921,0.0,0.9435988505212092,-0.33044985062364174,-0.020593822322857235,0.0,1.9530797004699707,1.639622688293457,-0.009755834937095642,1.0
58.0,0.2633549796477346,0.85466075023502,-0.447436204058695,0.0,0.1412836056685193,0.4246382545225872,0.894271376912687,0.0,0.9542971746075976,-0.29872622048244,-0.008918953539119931,0.0,1.9703342914581299,1.6216912269592285,-0.0026866793632507324,1.0
59.0,0.2332187418500589,0.8625113606441086,-0.4490914953656148,0.0,0.15081136407509083,0.4241576798211851,0.892942436618688,0.0,0.960658602686556,-0.2759790126233471,-0.03115499439506372,0.0,1.9920555353164673,1.6034120321273804,-0.005338817834854126,1.0
60.0,0.20011561438844858,0.8695759398453378,-0.45143263696816505,0.0,0.18328365784851727,0.4193941944845808,0.8891094479299483,0.0,0.9624764109543679,-0.260664908406803,-0.07545173213168534,0.0,2.015791893005371,1.590476393699646,-0.014950141310691833,1.0
61.0,0.17633537494101703,0.8714641175730846,-0.4576637710448313,0.0,0.20816378765012927,0.421418529957335,0.8826518340318286,0.0,0.9620673952772555,-0.25091176614731253,-0.10709627702807198,0.0,2.037897825241089,1.5825238227844238,-0.02422301471233368,1.0
62.0,0.1586560062736484,0.8707344339369998,-0.4654565685751021,0.0,0.23182014176588372,0.42539674935664734,0.8748125670727664,0.0,0.9597331366296267,-0.2466964758427052,-0.1343620305809939,0.0,2.0586767196655273,1.5772900581359863,-0.034464895725250244,1.0
63.0,0.14621426801114334,0.8680523117452184,-0.4744539723764022,0.0,0.2552870265955042,0.4302541538074649,0.8658578966455459,0.0,0.9557457412314175,-0.24772272242409385,-0.15869319743707805,0.0,2.078200340270996,1.5733191967010498,-0.04562936723232269,1.0
64.0,0.13825334118914967,0.8638935749221383,-0.48432830276402855,0.0,0.2787208904595786,0.43532184197395596,0.8560429656984643,0.0,0.9503687068035521,-0.2533432160304477,-0.18060048731909256,0.0,2.096548080444336,1.570539116859436,-0.057351335883140564,1.0
65.0,0.13448062216566975,0.8586089331422418,-0.4946773313891347,0.0,0.3019375790806832,0.43996712040346,0.8457320091511161,0.0,0.9437948191216301,-0.26309624264179216,-0.20007925056572118,0.0,2.113842725753784,1.5698041915893555,-0.069142185151577,1.0
66.0,0.13438287064642682,0.8525364911977615,-0.5050967979041593,0.0,0.32483687784930276,0.44365512151031145,0.8352551322480981,0.0,0.9361742609503547,-0.27631804923652764,-0.21731564324773547,0.0,2.1302707195281982,1.5722073316574097,-0.08055755496025085,1.0
67.0,0.137541796503091,0.8459089886607037,-0.5152865582544605,0.0,0.347235479178353,0.4460366113043542,0.8249114275944467,0.0,0.9276366617455791,-0.2923855746769216,-0.23238093619392372,0.0,2.1460490226745605,1.579018473625183,-0.09132429212331772,1.0
68.0,0.14334697689992718,0.838884730269051,-0.5250943282259612,0.0,0.36917166626774794,0.4469530658012874,0.8148283486697826,0.0,0.9182395793248875,-0.31065312857309496,-0.245623102881227,0.0,2.1614062786102295,1.5911933183670044,-0.10138411074876785,1.0
69.0,0.1510370645576208,0.83159778288536,-0.5344463795648454,0.0,0.39079671758000706,0.44637574882331965,0.8050010039690093,0.0,0.9080009530052869,-0.33044487946187695,-0.257566401106426,0.0,2.1765427589416504,1.6080641746520996,-0.11085714399814606,1.0
70.0,0.15966020461697308,0.8242130489300499,-0.5433060546644936,0.0,0.41218655995145587,0.44443404340460235,0.7953493703137138,0.0,0.897001036151604,-0.3509290968792234,-0.2687711109968507,0.0,2.1916146278381348,1.626399040222168,-0.11998026072978973,1.0
71.0,0.1682301442506559,0.8169901393194796,-0.5515666150340692,0.0,0.4334533513677211,0.4412335014537305,0.7857678979081368,0.0,0.885334293221207,-0.3712682446016873,-0.2798983383246266,0.0,2.206774950027466,1.642524242401123,-0.12905004620552063,1.0
72.0,0.17565054569204233,0.810277534711151,-0.5591039282105853,0.0,0.4546730540939975,0.4369606194379025,0.7761042655090112,0.0,0.8731662497365118,-0.39053262834603736,-0.2916589901206736,0.0,2.2221522331237793,1.6548991203308105,-0.138383686542511,1.0
73.0,0.18093953529291001,0.8045294713551833,-0.5656794271395551,0.0,0.4757476163522532,0.43180156778795875,0.7662973388907273,0.0,0.8607700564628947,-0.4077741234762332,-0.3046230032680635,0.0,2.2378733158111572,1.6637990474700928,-0.1483013778924942,1.0
74.0,0.18314640688960063,0.8002552614492779,-0.5710069265483358,0.0,0.4967824785061593,0.4258772333677854,0.7561982221271604,0.0,0.8483304560680974,-0.4221612234937603,-0.319554907152973,0.0,2.254056453704834,1.67010498046875,-0.1591160148382187,1.0
75.0,0.18150497371822288,0.7979875598669541,-0.574692786463456,0.0,0.5176723302473969,0.41933915958189016,0.7457680790549996,0.0,0.8361048397251252,-0.4328631695336742,-0.33698393648582753,0.0,2.2708215713500977,1.6747453212738037,-0.17113138735294342,1.0
76.0,0.175283563757313,0.7982173969510052,-0.5763025763271387,0.0,0.538523500110831,0.41229578683620594,0.7348500690518398,0.0,0.8241772334303562,-0.439159619457294,-0.3575901516166363,0.0,2.2882566452026367,1.6784929037094116,-0.18465113639831543,1.0
77.0,0.16524156340288015,0.8006268457717287,-0.5759269741501821,0.0,0.5599960601509218,0.40452581743443855,0.7230237033766213,0.0,0.8118495170532632,-0.4419904035820369,-0.38150340077353306,0.0,2.306396484375,1.681436538696289,-0.19999632239341736,1.0
78.0,0.14572281542309048,0.8026143269979512,-0.578424673715423,0.0,0.5792831291329966,0.4047357917590221,0.7075450481567103,0.0,0.8019949609361968,-0.4381771114136649,-0.40596169975272905,0.0,2.3214612007141113,1.686341404914856,-0.22063688933849335,1.0
79.0,0.11290537568679623,0.8018730814232962,-0.5867298675112178,0.0,0.5920596206200485,0.41992925696631883,0.6878406972366202,0.0,0.7979459767254095,-0.42503997509931135,-0.4273444018532465,0.0,2.330699920654297,1.694392442703247,-0.24783460795879364,1.0
80.0,0.07024043305473766,0.7976256707554729,-0.599048888586036,0.0,0.5983103362878911,0.4468326004098396,0.6651055320037952,0.0,0.7981798187472254,-0.4051344425778468,-0.44584196794579994,0.0,2.3351950645446777,1.702465295791626,-0.27978017926216125,1.0
81.0,0.020915534134181273,0.7891083252966283,-0.6138978672217655,0.0,0.5984626012694989,0.4819905507997288,0.6399434536125195,0.0,0.8008776781217134,-0.3807796736793137,-0.4621707312228336,0.0,2.335994243621826,1.707010269165039,-0.3150315582752228,1.0
82.0,-0.03154420598138237,0.7760168561537901,-0.6299228540338824,0.0,0.5931731924727512,0.5217850231330868,0.6130953868409781,0.0,0.804456665582857,-0.3543137431700778,-0.47677169022512195,0.0,2.3343710899353027,1.7049866914749146,-0.3521336019039154,1.0
83.0,-0.08344127880167647,0.7586984606274536,-0.6460760008183813,0.0,0.5834864588938391,0.5627732168598277,0.5855167449977582,0.0,0.8078249224178896,-0.3281203319314024,-0.489648795049837,0.0,2.331925868988037,1.6972399950027466,-0.3895244598388672,1.0
84.0,-0.1311014603063819,0.7383243364704544,-0.6615811222223603,0.0,0.5707615055360296,0.6018575361888733,0.5585685364670159,0.0,0.8105823282701017,-0.304375886541826,-0.5003115117485288,0.0,2.3305916786193848,1.6888223886489868,-0.4255369305610657,1.0
85.0,-0.17079951485943162,0.7167383427184825,-0.6761018220659858,0.0,0.5566056373779512,0.6363951078738876,0.5340331741692343,0.0,0.8130299441981627,-0.28510947853648455,-0.507636577765813,0.0,2.332624673843384,1.682076096534729,-0.45843884348869324,1.0
86.0,-0.19913725925023792,0.6963191472602558,-0.6895534766332876,0.0,0.5430783957964921,0.6641286267949742,0.5138083524919875,0.0,0.8157267974005832,-0.2721632088107651,-0.5104086399860563,0.0,2.340362071990967,1.6763677597045898,-0.4865487217903137,1.0
87.0,-0.21346582562446142,0.6799263711549218,-0.7015215400104023,0.0,0.533074971280266,0.6828184950136872,0.49958980960562727,0.0,0.8186961684807195,-0.26731822361250057,-0.5082101445658544,0.0,2.355933904647827,1.6707992553710938,-0.5083594918251038,1.0
88.0,-0.2193192078398135,0.6661621946669936,-0.7128302851794184,0.0,0.5245921482744577,0.6965358593307075,0.48953128054826334,0.0,0.8226190874525744,-0.2665815579947108,-0.5022271497000202,0.0,2.3772530555725098,1.6661287546157837,-0.5260410904884338,1.0
89.0,-0.22387362311428555,0.651942228475082,-0.7244666532040152,0.0,0.5139201475271619,0.7105591166177843,0.4806160877009988,0.0,0.8281103083764523,-0.2647207444124809,-0.4941216901112103,0.0,2.4005355834960938,1.6638871431350708,-0.542668879032135,1.0
90.0,-0.22686552104600405,0.6375158709734952,-0.7362781740737878,0.0,0.5012045898300623,0.7246209727053069,0.47298880013050393,0.0,0.8350604735549421,-0.261721149646949,-0.48391739515507726,0.0,2.425297737121582,1.664496898651123,-0.5580732822418213,1.0
91.0,-0.2281591925892878,0.6231518351483296,-0.7480809937354869,0.0,0.48662613824292117,0.7384795727040194,0.46673645912620787,0.0,0.8432902136369101,-0.25754555140820806,-0.47173287412905235,0.0,2.451063871383667,1.6684050559997559,-0.5720702409744263,1.0
92.0,-0.22750022259955335,0.6091368055102585,-0.7597341646193826,0.0,0.4703446803259451,0.7518853021816971,0.4620004048182452,0.0,0.8526544026780358,-0.25223172785336795,-0.45755832967815846,0.0,2.477360486984253,1.6760070323944092,-0.5844684839248657,1.0
93.0,-0.2247558686226781,0.5957977569994432,-0.7710446370179213,0.0,0.45263927624687916,0.7645721383750089,0.4588541498334387,0.0,0.8629035201680239,-0.24587492343689454,-0.44152354060291554,0.0,2.50370192527771,1.6874186992645264,-0.5950650572776794,1.0
94.0,-0.21968713192384162,0.5834811851676257,-0.7818486238540421,0.0,0.43367078486949495,0.7762976776339011,0.4574839516867102,0.0,0.8738805492844848,-0.23856156910867826,-0.423581353846758,0.0,2.52960467338562,1.7021981477737427,-0.6036533117294312,1.0
95.0,-0.2121685122210781,0.5725096550478959,-0.7919704649157274,0.0,0.41373822878640276,0.786829076522622,0.45795270757933954,0.0,0.8853277361873311,-0.23050531277065409,-0.4038094851807204,0.0,2.554598331451416,1.7190604209899902,-0.6100171208381653,1.0
96.0,-0.2020512390845375,0.5632086448009173,-0.8012311272073231,0.0,0.39319059914443877,0.7959271869462546,0.4603271291421562,0.0,0.8969818557411517,-0.22202688013242078,-0.382266418836161,0.0,2.578176259994507,1.73611581325531,-0.6139438152313232,1.0
97.0,-0.1891445215118542,0.5558492891665212,-0.8094787938637583,0.0,0.3722093522367447,0.8034262426671291,0.464721928362846,0.0,0.9086718594132619,-0.2133959707371542,-0.35885597610126685,0.0,2.599857807159424,1.751561164855957,-0.6152209639549255,1.0
98.0,-0.17334802555999376,0.550621218515479,-0.8165578581796767,0.0,0.3511414808136086,0.8091757161361867,0.4710990563220388,0.0,0.920135926092704,-0.20506324423459854,-0.33361496276022073,0.0,2.6191246509552,1.7642933130264282,-0.613644540309906,1.0
99.0,-0.15453987026853735,0.54768587145486,-0.8222880363389183,0.0,0.33023140001657914,0.8130525893461037,0.4794712811010545,0.0,0.9311630635610896,-0.19744789987823833,-0.3065121137788838,0.0,2.635458469390869,1.7739312648773193,-0.6090245246887207,1.0
100.0,-0.13262077521241378,0.5470392678013802,-0.8265347962822788,0.0,0.309718167039608,0.8150150400528873,0.4897194518223839,0.0,0.9415340604501166,-0.19104586876172033,-0.2775159257437231,0.0,2.648329496383667,1.780510663986206,-0.6011916399002075,1.0
101.0,-0.10913270557155674,0.5497413096077084,-0.8281754313461813,0.0,0.2906227813953133,0.8143936056266377,0.5022961815985629,0.0,0.950593736308358,-0.18586970604497735,-0.24864432602830464,0.0,2.6594510078430176,1.785660743713379,-0.589795708656311,1.0
102.0,-0.08613539455718379,0.5565125307144974,-0.8263622068815972,0.0,0.2737394931808894,0.8107416564229899,0.5174598113994714,0.0,0.9579391335975099,-0.18163636667323033,-0.22217301056653962,0.0,2.6708085536956787,1.7907990217208862,-0.5749375224113464,1.0
103.0,-0.06445972694179973,0.5668635409555078,-0.8212859852316805,0.0,0.2590221959531117,0.804294640284033,0.5348061645250605,0.0,0.9637180322097415,-0.1782578400681481,-0.19867485207751406,0.0,2.682295322418213,1.7957892417907715,-0.5571572780609131,1.0
104.0,-0.04486758742798624,0.5803029750613646,-0.8131637945293194,0.0,0.24657503047738216,0.7952321941004679,0.5539011751307574,0.0,0.9680845283049773,-0.1756536780175271,-0.17876837375622362,0.0,2.6938090324401855,1.8004978895187378,-0.5370182991027832,1.0
105.0,-0.02809154611341744,0.5963269490344765,-0.8022499827935121,0.0,0.2361943195064633,0.783800359640355,0.5743424411102916,0.0,0.9712997006433373,-0.17335272159064302,-0.16286720187711382,0.0,2.705289363861084,1.8048195838928223,-0.5150885581970215,1.0
106.0,-0.014841730547307136,0.6145603046593696,-0.7887302168494269,0.0,0.2280053169189754,0.7701150556548492,0.5957653703517904,0.0,0.9735467623545563,-0.1709924939601479,-0.15155285717613537,0.0,2.7166974544525146,1.8086731433868408,-0.49192625284194946,1.0
107.0,-0.0055839997494789555,0.6332329189590049,-0.7739411407164346,0.0,0.22087546367884553,0.7556185563672049,0.6166478953326577,0.0,0.9752860341927658,-0.1675012466228228,-0.14408498842123513,0.0,2.727813720703125,1.8119306564331055,-0.46848025918006897,1.0
108.0,-0.00012245547270480368,0.6510222750878183,-0.7590586158816314,0.0,0.21349486413407986,0.7415749271555757,0.6359925867512713,0.0,0.9769441785450323,-0.16197723529460423,-0.1390807220763842,0.0,2.738598108291626,1.8145281076431274,-0.4453212320804596,1.0
109.0,0.002204206223271317,0.6680336783228897,-0.7441277753862673,0.0,0.20608814377891777,0.7278521331422029,0.6540328350122072,0.0,0.9785309491624092,-0.15479753520884898,-0.13606948454587364,0.0,2.7492623329162598,1.8163484334945679,-0.422474205493927,1.0
110.0,0.0023756596962117684,0.6841410098348405,-0.7293458952398186,0.0,0.19887522281610653,0.7144557819089855,0.6708215719896494,0.0,0.9800219395456674,-0.1466424711977568,-0.13436139196273336,0.0,2.7599921226501465,1.8170955181121826,-0.39999061822891235,1.0
111.0,0.0015184611355279177,0.6992268616019686,-0.7148982377164189,0.0,0.19208952643125654,0.7013818049326404,0.6864147270745634,0.0,0.9813762316824244,-0.1383667580154035,-0.13324913570117924,0.0,2.7709712982177734,1.8163433074951172,-0.377964049577713,1.0
112.0,0.0005143152243011378,0.7131225496946848,-0.7010392033237527,0.0,0.18601184887235078,0.688736181748921,0.7007439361343107,0.0,0.982547366572696,-0.13076200161694165,-0.13229501643747268,0.0,2.790104866027832,1.8135855197906494,-0.3532496392726898,1.0
113.0,-9.796397791034566e-05,0.7257416393543182,-0.6879673417469508,0.0,0.18075869586814053,0.6766476368914984,0.7137746628714136,0.0,0.9835274700134755,-0.12428615528874368,-0.13125039936104646,0.0,2.8210906982421875,1.8080832958221436,-0.3244164288043976,1.0
114.0,-2.449117262228416e-05,0.737000612136086,-0.6758920750469093,0.0,0.17602756535817665,0.6653413584580556,0.7254896091325237,0.0,0.9843852374117845,-0.11895786832414051,-0.12974871841186383,0.0,2.857717990875244,1.7980165481567383,-0.2941800653934479,1.0
115.0,0.0006857528736311327,0.7468705984935073,-0.6649690510459462,0.0,0.1717567509930587,0.6549993864538001,0.7358501357161348,0.0,0.9851391517096987,-0.11471753506371833,-0.12783089969799877,0.0,2.893763542175293,1.783328652381897,-0.26526546478271484,1.0
116.0,0.002008263945998167,0.7553154173970302,-0.6553583654141244,0.0,0.1675489274030245,0.6458411773242033,0.7448600745096914,0.0,0.9858617163689942,-0.11130046682218724,-0.12525526848457896,0.0,2.9229848384857178,1.7678804397583008,-0.24039211869239807,1.0
117.0,0.0038450922566985435,0.7623079081655979,-0.6472031121786483,0.0,0.16307901773180733,0.638065587608388,0.7525141459704207,0.0,0.9866055185539793,-0.10843873412278963,-0.12186300382265565,0.0,2.939133405685425,1.7520755529403687,-0.22226160764694214,1.0
118.0,0.006171685319389217,0.7686074850041726,-0.6396908974621095,0.0,0.15862178273972016,0.6308512905304342,0.7595168064477301,0.0,0.9873201306267341,-0.10615640928199419,-0.11802447384997017,0.0,2.9462451934814453,1.736142873764038,-0.208729088306427,1.0
119.0,0.009380086420288602,0.7751061751240308,-0.6317613720886577,0.0,0.154439735111791,0.6230854599944597,0.7667547702897534,0.0,0.9879576823919878,-0.10476128496772032,-0.11386259690769547,0.0,2.9527087211608887,1.7201167345046997,-0.19575367867946625,1.0
120.0,0.012686296317648357,0.7826318245690558,-0.6223555937383799,0.0,0.1532496290130979,0.6135305144045261,0.7746578981084913,0.0,0.9881060717823208,-0.105203303494844,-0.11215460686339669,0.0,2.9588394165039062,1.7037694454193115,-0.18387924134731293,1.0
121.0,0.014572239028901127,0.792031805168316,-0.6103058818752308,0.0,0.15841005403826705,0.6008334388921506,0.7835211761583893,0.0,0.9872658733235327,-0.10809624559091335,-0.11671031256864606,0.0,2.964792490005493,1.6869471073150635,-0.17405161261558533,1.0
122.0,0.015086517789216165,0.8032468623243785,-0.5954551831557406,0.0,0.17019013096261604,0.5847701594183324,0.7931451191155283,0.0,0.9852957506778985,-0.11330639355261043,-0.12788254328162896,0.0,2.9707183837890625,1.6697341203689575,-0.16652658581733704,1.0
123.0,0.01569895158933153,0.815218880815116,-0.5789401689998248,0.0,0.18610150572357592,0.566511650782038,0.8027644605334918,0.0,0.9824050959183862,-0.12034419757828002,-0.14281982223356193,0.0,2.9768805503845215,1.6523178815841675,-0.16097746789455414,1.0
124.0,0.018931570155015193,0.8261315969844405,-0.5631591072826609,0.0,0.20134682510908092,0.5485701290904336,0.811498779720708,0.0,0.9793370470220959,-0.1287532443616199,-0.1559536802912906,0.0,2.983626127243042,1.6351240873336792,-0.1565045267343521,1.0
125.0,0.02632813201014024,0.8346875042210135,-0.5500941735395424,0.0,0.2120432686143369,0.5330997755418212,0.8190496209342926,0.0,0.9769055643716054,-0.13820781314584019,-0.1629543454015256,0.0,2.99117374420166,1.6195119619369507,-0.15241554379463196,1.0
126.0,0.03627136037285372,0.8419070115983928,-0.5384022401868016,0.0,0.2206111172002116,0.5187193746548338,0.8259908869505602,0.0,0.974687192582511,-0.14873733283598378,-0.16691938903692607,0.0,2.9992127418518066,1.6062238216400146,-0.14893728494644165,1.0
127.0,0.04756213583850392,0.8485383827645345,-0.5269918938748754,0.0,0.22912880793414497,0.504252583630692,0.8326039402239518,0.0,0.9722334249598487,-0.16034944613911284,-0.17044125824964548,0.0,3.007391929626465,1.5931843519210815,-0.14608938992023468,1.0
128.0,0.06049380677308338,0.8541627550680388,-0.5164750596076042,0.0,0.23617484312259862,0.49048219885353167,0.8388376816070082,0.0,0.9698257280656751,-0.17272290080467625,-0.1720606193162781,0.0,3.015655755996704,1.5804444551467896,-0.14357143640518188,1.0
129.0,0.07481994129595984,0.8586537289153361,-0.5070658243307841,0.0,0.2413338155376265,0.4777836557779724,0.8446779076958786,0.0,0.9675535984443032,-0.18557088158227977,-0.17147443554727188,0.0,3.0238852500915527,1.5681233406066895,-0.14124540984630585,1.0
130.0,0.09019997933385686,0.8619939105685834,-0.4988290908425979,0.0,0.24446495613547864,0.4663833050279642,0.8501314592537271,0.0,0.965453701090762,-0.19862807186768414,-0.1686595390610202,0.0,3.0319812297821045,1.5563768148422241,-0.1390407234430313,1.0
131.0,0.10631692650108689,0.8642260735876187,-0.4917418071210646,0.0,0.24556297147023987,0.45640548153370797,0.8552150977787345,0.0,0.9635328422955124,-0.21167742004595574,-0.16369829461732144,0.0,3.0398242473602295,1.5453935861587524,-0.13691164553165436,1.0
132.0,0.12279946969530606,0.8654374672692825,-0.4857347841045371,0.0,0.24467736462471493,0.4479297086930935,0.8599371856772009,0.0,0.9617969003291994,-0.22444813725368723,-0.15674742805065117,0.0,3.047318935394287,1.535373330116272,-0.1348220407962799,1.0
133.0,0.13923373533988756,0.8657227927518638,-0.4807681489587426,0.0,0.24190576837769817,0.44105297005663824,0.8642649343979044,0.0,0.9602580726913456,-0.23663542362489132,-0.14801388487898898,0.0,3.0543665885925293,1.5265557765960693,-0.13273985683918,1.0
134.0,0.15532571674911183,0.8653493987760948,-0.47649169956487775,0.0,0.2380434261945994,0.43534585655453517,0.8682219257922104,0.0,0.9587540085767103,-0.24828290963868047,-0.1383703285370091,0.0,3.060985565185547,1.5190353393554688,-0.13079702854156494,1.0
135.0,0.17080235669933955,0.8645185530728401,-0.4726882972306321,0.0,0.23389133619964664,0.43045088587633035,0.871783733330134,0.0,0.957142308017306,-0.25946041363014377,-0.12868137379659605,0.0,3.067192316055298,1.5129313468933105,-0.12916961312294006,1.0
136.0,0.18534821868746204,0.8632358171349067,-0.46954228972991835,0.0,0.22934473095980823,0.4266253594226808,0.8748667310387576,0.0,0.9555349455725616,-0.26984204029931713,-0.11890433581978326,0.0,3.072930335998535,1.508548617362976,-0.12788914144039154,1.0
137.0,0.19864672245309975,0.8615331129446328,-0.46722604268016976,0.0,0.22449572283070007,0.4240527852181821,0.8773715893391032,0.0,0.9540131812974926,-0.279177238772492,-0.10917380300238833,0.0,3.0781409740448,1.5062440633773804,-0.12697885930538177,1.0
138.0,0.21047798971497542,0.8594109725498423,-0.4659525685158059,0.0,0.2191508512392839,0.4230201279254738,0.8792194696269034,0.0,0.9527181746175728,-0.2871702485127071,-0.09930422006395333,0.0,3.0827698707580566,1.5064431428909302,-0.12643401324748993,1.0
139.0,0.22064477311833164,0.856862918450211,-0.4659418666320369,0.0,0.21319600203022238,0.4237934885811836,0.8803104814521522,0.0,0.9517685374154209,-0.2935728495981487,-0.08917193036451192,0.0,3.0867669582366943,1.5096795558929443,-0.12621073424816132,1.0
140.0,0.2288943565678165,0.8539331832281252,-0.46733873380374374,0.0,0.20646548900300157,0.4265747519444332,0.8805713956598278,0.0,0.9513040394017871,-0.29804714322641396,-0.07866717887668763,0.0,3.0900893211364746,1.5166282653808594,-0.12632158398628235,1.0
141.0,0.24216944790121228,0.848523735030886,-0.47049062646609346,0.0,0.18928718969533542,0.43428765573936795,0.8806614513475917,0.0,0.9515904152104855,-0.30232714592249116,-0.055443471373071346,0.0,3.0958218574523926,1.5271400213241577,-0.12258881330490112,1.0
142.0,0.2664625327560975,0.8389283849534689,-0.4745491371360502,0.0,0.15471566967943542,0.4487365297517985,0.8801696361622326,0.0,0.9513468243458059,-0.30795241805460366,-0.01022389463331699,0.0,3.1061768531799316,1.5403931140899658,-0.1117858737707138,1.0
143.0,0.2998961334106249,0.8257981075001593,-0.4776188802952748,0.0,0.10739091993757413,0.46825693096586946,0.8770419812742072,0.0,0.9479079593928507,-0.31431342995739203,0.051745224592240326,0.0,3.119724750518799,1.556059718132019,-0.0954083651304245,1.0
144.0,0.34079216526607126,0.8096844685432231,-0.47777794161424103,0.0,0.052153620216757485,0.4911349339173213,0.8695208315988265,0.0,0.9386909502022214,-0.32124373625941227,0.1251469612996824,0.0,3.1350691318511963,1.5734866857528687,-0.07499602437019348,1.0
145.0,0.38752805640275056,0.7909755488581959,-0.4734761732222461,0.0,-0.005673063072206386,0.5156473053602514,0.8567821618300012,0.0,0.9218404535797317,-0.32934106574065053,0.2043150522128194,0.0,3.1510403156280518,1.5915772914886475,-0.05211398005485535,1.0
146.0,0.4390347567918407,0.7696211200171149,-0.46360739203805923,0.0,-0.06058513312403618,0.5401811699544913,0.8393650846151154,0.0,0.896425079955415,-0.340422730219647,0.2837859065858088,0.0,3.166807174682617,1.6086652278900146,-0.02828165888786316,1.0
147.0,0.4954322135593968,0.7445443179748106,-0.44743790668545314,0.0,-0.10624865302754807,0.5631712354003248,0.8194811671707313,0.0,0.8621242053773156,-0.3584576937228383,0.35812000267150107,0.0,3.1818454265594482,1.6223106384277344,-0.004860930144786835,1.0
148.0,0.5583414668861588,0.7129029633998244,-0.4242925537069453,0.0,-0.1359811637283933,0.5831613800272827,0.8008944549413158,0.0,0.8183910614531934,-0.38947678957856263,0.42254455494431803,0.0,3.1957783699035645,1.629320740699768,0.01700136810541153,1.0
149.0,0.6212204849946886,0.6763257911739927,-0.39581376077119446,0.0,-0.14847911373630146,0.5975366426611511,0.7879745639684839,0.0,0.7694407461312704,-0.43073586438804046,0.4716222570265757,0.0,3.2083053588867188,1.62947678565979,0.03584224730730057,1.0
150.0,0.6641797395463556,0.6495461839440492,-0.37007435536640304,0.0,-0.1536182166507168,0.6030555171049862,0.7827678371026056,0.0,0.7316192432469151,-0.46304837567252216,0.5003193826925457,0.0,3.220424175262451,1.6287250518798828,0.049434661865234375,1.0
151.0,0.6928727014263069,0.6335189496357496,-0.3443561529443437,0.0,-0.16196665330138857,0.6021055793728154,0.7818156269264986,0.0,0.7026337757584384,-0.4859244918097284,0.5197914633994076,0.0,3.2314260005950928,1.6294931173324585,0.06467463076114655,1.0
152.0,0.7118822116264132,0.628037000510611,-0.3143139239033511,0.0,-0.18220202961790405,0.5973851814753671,0.7809823079665501,0.0,0.6782522666184044,-0.4986987777639701,0.5396975003497044,0.0,3.238041400909424,1.6347267627716064,0.08749251067638397,1.0
153.0,0.721406617447707,0.630949143875494,-0.28543943341003003,0.0,-0.2070926811764831,0.5898734629575771,0.7804882568633378,0.0,0.6608215445230227,-0.5039369757630582,0.5562035695255736,0.0,3.240459680557251,1.6427536010742188,0.11226072907447815,1.0
154.0,0.7263871857663466,0.6362102540426983,-0.25999647883264154,0.0,-0.23020684202315567,0.5816655021895788,0.780173091979127,0.0,0.6475851034730283,-0.5068547683641444,0.568974320638776,0.0,3.2410459518432617,1.6504321098327637,0.13518810272216797,1.0
155.0,0.7284114108482025,0.6426561638881803,-0.2375076242200644,0.0,-0.25153426688609565,0.5732871090124396,0.7797899737892464,0.0,0.6372968924513955,-0.5082666088350556,0.5792389189402825,0.0,3.2405805587768555,1.6568260192871094,0.1561003029346466,1.0
