Frame,M00,M01,M02,M03,M10,M11,M12,M13,M20,M21,M22,M23,M30,M31,M32,M33
1.0,-0.09353863845030101,0.03520343064597279,-0.9949930862009133,0.0,0.8950025114238167,0.440763208832805,-0.06854413384433336,0.0,0.43614335677839305,-0.8969328359527057,-0.07273554927208606,0.0,-0.9716867208480835,0.5175234079360962,0.7062702178955078,1.0
2.0,-0.09390503100072477,0.03502249754977988,-0.9949649590905845,0.0,0.8941304151357509,0.442487967340097,-0.06881278579158948,0.0,0.43785002670083595,-0.8960902987001951,-0.07286652656379498,0.0,-0.9710366129875183,0.5170481204986572,0.706242561340332,1.0
3.0,-0.09495493393241264,0.034499369767075704,-0.9948835881687697,0.0,0.891605335861062,0.44743519737217613,-0.06958210414039233,0.0,0.44274539589472167,-0.8936506798734035,-0.0732460017736795,0.0,-0.9690691232681274,0.5155313014984131,0.7062119841575623,1.0
4.0,-0.0965951562573626,0.03366923076486151,-0.9947541197136699,0.0,0.8875947865489233,0.45515395254326974,-0.07078399801798567,0.0,0.4503830266326507,-0.8897759619049851,-0.07385030086107704,0.0,-0.9657617807388306,0.5129948854446411,0.7062368392944336,1.0
5.0,-0.09869952138256163,0.032574999653081804,-0.9945839702490962,0.0,0.8823184660075866,0.4650623279048859,-0.07232672884700261,0.0,0.46018749333382875,-0.8846784164662831,-0.07464295290137697,0.0,-0.9610990285873413,0.5096353888511658,0.7063585519790649,1.0
6.0,-0.10112834599348805,0.031275197187381885,-0.9943816770624405,0.0,0.8760449474329438,0.4765012622306371,-0.07410666076555128,0.0,0.4715064238309296,-0.8786173280407689,-0.07558626298916855,0.0,-0.9550923109054565,0.5057601928710938,0.7066035270690918,1.0
7.0,-0.10373892288439646,0.029832364611378274,-0.9941570629938103,0.0,0.8690818703150232,0.4887920479856849,-0.07601997445212186,0.0,0.48366821124457476,-0.8718901099609134,-0.07663352780486954,0.0,-0.9477776288986206,0.5017178654670715,0.7069956064224243,1.0
8.0,-0.10639424690554547,0.02831482640612752,-0.9939207890123803,0.0,0.8617573023769971,0.501293989856851,-0.07796593828923121,0.0,0.4960389259174351,-0.8648136252042922,-0.07773530495011322,0.0,-0.9392228722572327,0.4978250563144684,0.7075604200363159,1.0
9.0,-0.10897653383370512,0.02678862539956342,-0.9936832919108549,0.0,0.8543937216538948,0.5134529879092025,-0.0798586100900786,0.0,0.5080703528764478,-0.8576994804454029,-0.07884236026202922,0.0,-0.9295129776000977,0.49430811405181885,0.708339512348175,1.0
10.0,-0.11139070579809972,0.025316796352200095,-0.9934541612395925,0.0,0.8472905397557563,0.524819619757689,-0.08162786263154483,0.0,0.5193176791735485,-0.8508368977306144,-0.07991070990764147,0.0,-0.9187411069869995,0.4912557303905487,0.7093868851661682,1.0
11.0,-0.11356500277615654,0.023952101658874247,-0.9932418068982873,0.0,0.840705910712324,0.5350586580867785,-0.08322141611230588,0.0,0.5294493005357674,-0.8444752981778086,-0.08090061142962962,0.0,-0.906995415687561,0.4885854423046112,0.7107745409011841,1.0
12.0,-0.11548982586947419,0.022713501654355466,-0.9930489398631047,0.0,0.8347269214108713,0.5441216946000978,-0.0846318387927784,0.0,0.5384171865687123,-0.8386988007074503,-0.08180009107156938,0.0,-0.8927709460258484,0.4856652021408081,0.7122921943664551,1.0
13.0,-0.11717846564508236,0.02160146152050218,-0.9928759157363234,0.0,0.8293607560001808,0.5520753527750164,-0.08586932668392097,0.0,0.546287418485794,-0.833514356036247,-0.08260674721599646,0.0,-0.8746483325958252,0.4823203682899475,0.7136579155921936,1.0
14.0,-0.11861120454771262,0.020639725710079625,-0.99272623813333,0.0,0.8247223091219618,0.5588184697484356,-0.08691967961604713,0.0,0.5529597589267053,-0.829033123337439,-0.08330417406763223,0.0,-0.8528546094894409,0.47896480560302734,0.7148444056510925,1.0
15.0,-0.11975935365792345,0.019856637669065674,-0.9926043578142885,0.0,0.8209440788074144,0.5642240627869552,-0.08776118984624169,0.0,0.5583086213578314,-0.8253828935183123,-0.08387229819705706,0.0,-0.827646017074585,0.47598353028297424,0.7158240675926208,1.0
16.0,-0.1205885856636958,0.019284396500261182,-0.9925152417264181,0.0,0.8181823015719083,0.5681273304357047,-0.08836887351604314,0.0,0.5621708943036132,-0.8227146822949134,-0.08428782316714173,0.0,-0.7993118762969971,0.473760724067688,0.7165603637695312,1.0
17.0,-0.12105141958641258,0.018961842542242893,-0.9924651139176217,0.0,0.8166258937352614,0.5703095993104711,-0.08870800761721197,0.0,0.5643303141753061,-0.8212109409047916,-0.08452151821321705,0.0,-0.7681717276573181,0.4727103114128113,0.7170084714889526,1.0
18.0,-0.12108657937813715,0.018937167975868415,-0.9924612959524194,0.0,0.8165075487504638,0.5704749988290931,-0.08873386357223079,0.0,0.5644939885667616,-0.8210966200027862,-0.08453920683321378,0.0,-0.7345772385597229,0.4733074903488159,0.717110812664032,1.0
19.0,-0.12060639221407576,0.019272058900041838,-0.9925133177458415,0.0,0.8181228535818924,0.5682109020916136,-0.08838193928205215,0.0,0.5622535856747614,-0.8226572545659512,-0.0842967787396755,0.0,-0.6989164352416992,0.47613900899887085,0.7167916893959045,1.0
20.0,-0.11948111493869656,0.020047156203970684,-0.9926340588057312,0.0,0.8218641809380949,0.5629147166769332,-0.08755735171579028,0.0,0.5570130440698497,-0.8262718277157111,-0.08373371757767485,0.0,-0.6616194248199463,0.4819783568382263,0.7159454226493835,1.0
21.0,-0.11790121866231913,0.021118535293762286,-0.9928007403829764,0.0,0.8270338595636038,0.5554728749234846,-0.08639953911664285,0.0,0.5496492497704965,-0.8312664390502512,-0.08295667263967123,0.0,-0.622557520866394,0.4899875223636627,0.7147164344787598,1.0
22.0,-0.11621626689116599,0.02223766308288604,-0.9929749572121612,0.0,0.8324334404377595,0.5475413834105753,-0.0851645506874106,0.0,0.5418010211792116,-0.8364830660530107,-0.08214458993578425,0.0,-0.577723503112793,0.49672040343284607,0.713356614112854,1.0
23.0,-0.11447644263207485,0.023369345873000012,-0.9931510548530738,0.0,0.837891603360919,0.5393517211202901,-0.08388910502472462,0.0,0.5336972972571378,-0.841756256049249,-0.08132404504436158,0.0,-0.5251109600067139,0.5007710456848145,0.7118991017341614,1.0
24.0,-0.11271566815985794,0.024489620298914935,-0.9933254434720233,0.0,0.8432988737401861,0.5310597316772105,-0.08259885555782912,0.0,0.5254923288686626,-0.8469804129308682,-0.08051082170519142,0.0,-0.4666867256164551,0.5028561353683472,0.710393488407135,1.0
25.0,-0.11095985178981715,0.025582010504878152,-0.9934955822897804,0.0,0.8485724029375866,0.5227936456142033,-0.08131224433098166,0.0,0.5173130466782295,-0.8520753281511788,-0.07971729356010922,0.0,-0.4040384888648987,0.5037245750427246,0.7088850736618042,1.0
26.0,-0.10923608057001223,0.02663283942862046,-0.993658981021996,0.0,0.8536402053678992,0.5146752524872695,-0.08004863681922554,0.0,0.5092797644528522,-0.8569714559663785,-0.0789559698674686,0.0,-0.3385359048843384,0.5041337609291077,0.7074179649353027,1.0
27.0,-0.10757212915154832,0.027624723792818932,-0.9938134189399804,0.0,0.8584291452559396,0.5068385528954898,-0.07882946069816202,0.0,0.5015253130251351,-0.8615982566916999,-0.07823557030445843,0.0,-0.2714451551437378,0.5048304796218872,0.7060366272926331,1.0
28.0,-0.10600136429915485,0.028541675556145816,-0.993956278476657,0.0,0.8628550213266304,0.49944700038471507,-0.0776782207451408,0.0,0.4942114152244343,-0.8658741632380297,-0.07756939150659625,0.0,-0.20402652025222778,0.5065307021141052,0.7047920823097229,1.0
29.0,-0.10445893872692566,0.029426192142029694,-0.994093772908806,0.0,0.8671193648950902,0.49218340472488814,-0.07654739144707898,0.0,0.487023959517373,-0.8699940202837243,-0.07692897715804443,0.0,-0.13776886463165283,0.5089893937110901,0.7037971615791321,1.0
30.0,-0.10286262388234894,0.0303216803581733,-0.9942333108019943,0.0,0.8714433299379087,0.4846697185959416,-0.07537762654037455,0.0,0.4795892026669989,-0.8741715275484483,-0.07627802507173767,0.0,-0.07440608739852905,0.5114891529083252,0.703101396560669,1.0
31.0,-0.10124069755362629,0.031214876612237152,-0.9943721399138945,0.0,0.8757521603896998,0.47702636294759415,-0.07418896566042477,0.0,0.4720259259104617,-0.8783344923951655,-0.07563097736574835,0.0,-0.016013264656066895,0.513996958732605,0.7026681303977966,1.0
32.0,-0.09961509250809374,0.03209024678528802,-0.9945084461209284,0.0,0.8799773711339952,0.4693731747814595,-0.07299759645136632,0.0,0.4644530758178989,-0.8824165903114202,-0.07499534323183162,0.0,0.034452199935913086,0.5164788961410522,0.702461838722229,1.0
33.0,-0.09801422179036234,0.032934569486692114,-0.9946398978824225,0.0,0.8840532318310779,0.46183452773658773,-0.07182445460530736,0.0,0.4569935400154541,-0.8863544342547451,-0.07438226442569651,0.0,0.0722649097442627,0.5188992023468018,0.7024452686309814,1.0
34.0,-0.09646443657680288,0.033735916778747196,-0.9947645452040484,0.0,0.8879185682122914,0.45453686507632884,-0.07068843264932474,0.0,0.4497724187850503,-0.890088830513944,-0.07380138951648853,0.0,0.08858633041381836,0.521222710609436,0.7025840282440186,1.0
35.0,-0.09499242361265,0.03448064704037542,-0.9948806583886692,0.0,0.8915165433638286,0.447607773793893,-0.06960986817891442,0.0,0.44291612339675057,-0.8935649757118685,-0.07325941452292842,0.0,0.09176158905029297,0.5234123468399048,0.7028402090072632,1.0
36.0,-0.09362632792930362,0.03516047229138004,-0.9949863576485465,0.0,0.8947937198214191,0.4411769585546176,-0.06860823717779983,0.0,0.4365527570484723,-0.896731081444568,-0.07276714838876931,0.0,0.09850573539733887,0.5254312753677368,0.7031792402267456,1.0
37.0,-0.09239458594028449,0.03576218273488488,-0.9950800504356222,0.0,0.8976993385733589,0.4353755129254187,-0.0677056886079925,0.0,0.43081218415207023,-0.8995383421683399,-0.07233002803232878,0.0,0.10693800449371338,0.5272418856620789,0.7035633325576782,1.0
38.0,-0.09132368629482635,0.03627709463985373,-0.9951602668545481,0.0,0.900185640125675,0.43033406681220304,-0.06692088054112287,0.0,0.42582366964866214,-0.9019404433472097,-0.07195581297981088,0.0,0.11589527130126953,0.5288070440292358,0.7039592862129211,1.0
39.0,-0.09044370902820477,0.03669558406611109,-0.9952252858560561,0.0,0.9022046171471759,0.42618577479959957,-0.06627604512026304,0.0,0.42171882136743605,-0.9038910993413487,-0.07165274758129273,0.0,0.12456798553466797,0.5300884246826172,0.7043294310569763,1.0
40.0,-0.08977942351184874,0.03700718199169362,-0.9952738937573485,0.0,0.9037096633231224,0.4230610245214881,-0.06578916284037649,0.0,0.4186269216501595,-0.9053451485548826,-0.07142592287012225,0.0,0.1323378086090088,0.5310497283935547,0.7046388387680054,1.0
41.0,-0.08936184844654713,0.03720273117154812,-0.9953041830694745,0.0,0.9046509477954978,0.42109219861063985,-0.06548299719748019,0.0,0.41667868039404665,-0.9062545542300104,-0.07128506324918941,0.0,0.1386953592300415,0.5316528081893921,0.704850435256958,1.0
42.0,-0.08921565411361126,0.03727035212407284,-0.9953147682585786,0.0,0.9049773293477228,0.4204070022950188,-0.0653757278198851,0.0,0.41600072166733565,-0.9065698391596004,-0.07123570943278523,0.0,0.14319348335266113,0.5318621397018433,0.7049286961555481,1.0
43.0,-0.08972458434778303,0.037033675303038895,-0.9952778535952493,0.0,0.9038353288345302,0.42279874175830057,-0.06574893396987175,0.0,0.4183672995278123,-0.9054665818577443,-0.07140778546250257,0.0,0.14604759216308594,0.5308876037597656,0.7039637565612793,1.0
44.0,-0.09102577542628622,0.03641917361773369,-0.9951823712270254,0.0,0.9008729274554198,0.4289273850798291,-0.06670282532608493,0.0,0.4244317103916076,-0.9026045325177475,-0.07185249538097564,0.0,0.14824044704437256,0.5284848213195801,0.70173180103302,1.0
45.0,-0.09278659253930993,0.035571666085271375,-0.9950504031539619,0.0,0.8967796226382407,0.43722221865725963,-0.06799294031910934,0.0,0.4326395227735888,-0.8986497582953782,-0.07246830514024741,0.0,0.15044760704040527,0.5254360437393188,0.6992260217666626,1.0
46.0,-0.09467807213584863,0.03463872023593095,-0.9949051320186544,0.0,0.8922766372727143,0.4461265754992934,-0.06937925634201102,0.0,0.44145041084354675,-0.8942992998396512,-0.073145724908388,0.0,0.15326011180877686,0.5225191712379456,0.6974405646324158,1.0
47.0,-0.09637219752578592,0.03378207919584204,-0.9947719189187323,0.0,0.8881430621025845,0.45410858504665513,-0.07062077757975792,0.0,0.44934875184326006,-0.8903056576884878,-0.07376676151745856,0.0,0.15719318389892578,0.5205028057098389,0.6973713636398315,1.0
48.0,-0.09797035111902457,0.032957866843285465,-0.994643448334505,0.0,0.8841651143394175,0.4616252921297654,-0.07179234117420613,0.0,0.45678644998158596,-0.8864625590961239,-0.0743657880612522,0.0,0.16306018829345703,0.5191202759742737,0.6985743045806885,1.0
49.0,-0.09973480623084459,0.03202628745909107,-0.994498509469815,0.0,0.8796682819844939,0.4699385725947039,-0.07308523556848691,0.0,0.46501256122447376,-0.8821179370692108,-0.07504174174561268,0.0,0.17144775390625,0.5174216032028198,0.6999097466468811,1.0
50.0,-0.10160801562989748,0.031014302977591012,-0.9943409496599085,0.0,0.8747857683286588,0.4787544359944265,-0.07445837458135066,0.0,0.473735865952107,-0.8774008793171301,-0.07577615907483422,0.0,0.18254101276397705,0.5151420831680298,0.7013304829597473,1.0
51.0,-0.10352505073049217,0.029952508477088056,-0.9941757445779789,0.0,0.869661603473179,0.48778423836508045,-0.07586324701103817,0.0,0.48267096382080865,-0.8724502186592243,-0.07654643457250784,0.0,0.1966111660003662,0.5120155215263367,0.702792763710022,1.0
52.0,-0.10542840961586475,0.02887336171440992,-0.9940076354984292,0.0,0.864450583150956,0.49674581866259515,-0.07725788588358154,0.0,0.49153844176813033,-0.8674156562021099,-0.07733071601647828,0.0,0.21405279636383057,0.5077728033065796,0.7042494416236877,1.0
53.0,-0.107257799669657,0.027809760557894175,-0.9938422317590133,0.0,0.859320503993549,0.5053617469027578,-0.07859883067620053,0.0,0.5000640317262347,-0.8624593451201659,-0.07810148646855343,0.0,0.23154616355895996,0.5030407309532166,0.7056758403778076,1.0
54.0,-0.1089573415442653,0.02680004653451857,-0.9936850885614386,0.0,0.8544486320680346,0.5133638016136243,-0.07984448853785844,0.0,0.5079821186623314,-0.8577525078357714,-0.07883401816965716,0.0,0.24702155590057373,0.49871355295181274,0.707041323184967,1.0
55.0,-0.11047009812069217,0.02588286990808002,-0.99354236671947,0.0,0.8500225817486862,0.5204884289076402,-0.08095310920869245,0.0,0.5150320067126923,-0.8534763455530433,-0.0794994317144435,0.0,0.2628178000450134,0.49492141604423523,0.7082870006561279,1.0
56.0,-0.11174203508381367,0.025097949047852734,-0.99342025877718,0.0,0.846237731474043,0.5264754893544353,-0.08188565771045365,0.0,0.5209562548093586,-0.8498197762247,-0.08006827406911728,0.0,0.2812151312828064,0.49179092049598694,0.7093558311462402,1.0
57.0,-0.11271837964887492,0.024487786312979393,-0.9933251810010767,0.0,0.8432916594794325,0.5310708434269868,-0.082601067270185,0.0,0.52550332438697,-0.8469734987490687,-0.08051179090670146,0.0,0.30447161197662354,0.4894476532936096,0.7101898193359375,1.0
58.0,-0.11334341458551812,0.024092591487242635,-0.9932637199684302,0.0,0.8413832206318703,0.5340182580595506,-0.08305887127926208,0.0,0.5284198580761675,-0.8451296037262404,-0.08079855503838401,0.0,0.33486223220825195,0.4880165457725525,0.7107329368591309,1.0
59.0,-0.11356500277615654,0.023952101658874247,-0.9932418068982873,0.0,0.840705910712324,0.5350586580867785,-0.08322141611230588,0.0,0.5294493005357674,-0.8444752981778086,-0.08090061142962962,0.0,0.37471550703048706,0.4876241981983185,0.7109261751174927,1.0
60.0,-0.11356500277615654,0.023952101658874247,-0.9932418068982873,0.0,0.840705910712324,0.5350586580867785,-0.08322141611230588,0.0,0.5294493005357674,-0.8444752981778086,-0.08090061142962962,0.0,0.43266934156417847,0.48779043555259705,0.7109243869781494,1.0
61.0,-0.11356500277615654,0.023952101658874247,-0.9932418068982873,0.0,0.8407059294417374,0.5350586282132338,-0.08322141897418708,0.0,0.5294492707955657,-0.8444753171056544,-0.08090060848564924,0.0,0.5112425684928894,0.4879476726055145,0.7109182476997375,1.0
62.0,-0.11356500277615654,0.023952101658874247,-0.9932418068982873,0.0,0.840705910712324,0.5350586580867785,-0.08322141611230588,0.0,0.5294493005357674,-0.8444752981778086,-0.08090061142962962,0.0,0.6036564707756042,0.48809555172920227,0.7109084129333496,1.0
63.0,-0.11356500277615654,0.023952101658874247,-0.9932418068982873,0.0,0.840705910712324,0.5350586580867785,-0.08322141611230588,0.0,0.5294493005357674,-0.8444752981778086,-0.08090061142962962,0.0,0.7033374905586243,0.4882332384586334,0.7108955383300781,1.0
64.0,-0.11356500277615654,0.023952101658874247,-0.9932418068982873,0.0,0.8407059294417374,0.5350586282132338,-0.08322141897418708,0.0,0.5294492707955657,-0.8444753171056544,-0.08090060848564924,0.0,0.8041167855262756,0.4883594214916229,0.7108803391456604,1.0
65.0,-0.11356500277615654,0.023952101658874247,-0.9932418068982873,0.0,0.8407060332858088,0.5350584625811723,-0.0832214348417111,0.0,0.5294491059028169,-0.8444754220499228,-0.08090059216292743,0.0,0.9003867506980896,0.4884739816188812,0.7108622789382935,1.0
66.0,-0.11356500277615654,0.023952101658874247,-0.9932418068982873,0.0,0.8407057881387043,0.5350588535925002,-0.08322139738288245,0.0,0.5294494951688327,-0.844475174305558,-0.08090063069634164,0.0,0.987201988697052,0.4885757863521576,0.7108429670333862,1.0
67.0,-0.11356455178965172,0.023952102901637337,-0.9932418584329825,0.0,0.8407059543249018,0.5350586488991026,-0.08322103460617877,0.0,0.5294493280187176,-0.8444753039638616,-0.0809003711714125,0.0,1.0603246688842773,0.4886644184589386,0.7108215093612671,1.0
68.0,-0.11356455178965172,0.023952102901637337,-0.9932418584329825,0.0,0.8407059543249018,0.5350586488991026,-0.08322103460617877,0.0,0.5294493280187176,-0.8444753039638616,-0.0809003711714125,0.0,1.1162242889404297,0.4887385070323944,0.7107996940612793,1.0
69.0,-0.11356455178965172,0.023952102901637337,-0.9932418584329825,0.0,0.8407059543249018,0.5350586488991026,-0.08322103460617877,0.0,0.5294493280187176,-0.8444753039638616,-0.0809003711714125,0.0,1.1520562171936035,0.48879727721214294,0.7107769250869751,1.0
70.0,-0.11356455178965172,0.023952102901637337,-0.9932418584329825,0.0,0.8407059543249018,0.5350586488991026,-0.08322103460617877,0.0,0.5294493280187176,-0.8444753039638616,-0.0809003711714125,0.0,1.1655988693237305,0.48884037137031555,0.7107541561126709,1.0
71.0,-0.11356455178965172,0.023952102901637337,-0.9932418584329825,0.0,0.8407059543249018,0.5350586488991026,-0.08322103460617877,0.0,0.5294493280187176,-0.8444753039638616,-0.0809003711714125,0.0,1.1676993370056152,0.4888669550418854,0.7107313871383667,1.0
72.0,-0.11356455178965172,0.023952102901637337,-0.9932418584329825,0.0,0.8407059543249018,0.5350586488991026,-0.08322103460617877,0.0,0.5294493280187176,-0.8444753039638616,-0.0809003711714125,0.0,1.1704819202423096,0.48887595534324646,0.7107093334197998,1.0
73.0,-0.11356455178965172,0.023952102901637337,-0.9932418584329825,0.0,0.8407059543249018,0.5350586488991026,-0.08322103460617877,0.0,0.5294493280187176,-0.8444753039638616,-0.0809003711714125,0.0,1.1740810871124268,0.48744532465934753,0.7106908559799194,1.0
74.0,-0.11356455178965172,0.023952102901637337,-0.9932418584329825,0.0,0.8407059543249018,0.5350586488991026,-0.08322103460617877,0.0,0.5294493280187176,-0.8444753039638616,-0.0809003711714125,0.0,1.1786425113677979,0.4845442473888397,0.7106720209121704,1.0
75.0,-0.11356455178965172,0.023952102901637337,-0.9932418584329825,0.0,0.8407059543249018,0.5350586488991026,-0.08322103460617877,0.0,0.5294493280187176,-0.8444753039638616,-0.0809003711714125,0.0,1.1842753887176514,0.482820063829422,0.7106457948684692,1.0
76.0,-0.11356455178965172,0.023952102901637337,-0.9932418584329825,0.0,0.8407059730542604,0.5350586190256464,-0.08322103746804294,0.0,0.5294492982786025,-0.8444753228916505,-0.08090036822745433,0.0,1.190948247909546,0.48412981629371643,0.7106031775474548,1.0
77.0,-0.11356455178965172,0.023952102901637337,-0.9932418584329825,0.0,0.8407059730542604,0.5350586190256464,-0.08322103746804294,0.0,0.5294492982786025,-0.8444753228916505,-0.08090036822745433,0.0,1.1983497142791748,0.4888751804828644,0.7105370163917542,1.0
78.0,-0.11484474064294278,0.023172670439513925,-0.9931131420393936,0.0,0.8364666837268817,0.5415271305874445,-0.08409431522214708,0.0,0.5358490203047945,-0.8403638463085085,-0.08157470965906821,0.0,1.2093725204467773,0.4907110333442688,0.7112097144126892,1.0
79.0,-0.11834710873058363,0.020974385862873726,-0.9927507426301864,0.0,0.82444660806082,0.5592953425026611,-0.08646681624669648,0.0,0.5534272782508288,-0.8287030801152524,-0.0834832479924765,0.0,1.2265381813049316,0.4854732155799866,0.713168740272522,1.0
80.0,-0.12353359228681951,0.017529063395547124,-0.9921855590126218,0.0,0.8054832003536259,0.5857539833650999,-0.08993934022439351,0.0,0.5796000910324244,-0.8102993292039635,-0.08647965984445159,0.0,1.2494899034500122,0.4761393666267395,0.7160642743110657,1.0
81.0,-0.12984857759779583,0.012994772027266326,-0.9914486788511994,0.0,0.7803658278431186,0.6182024240305805,-0.09410067830487955,0.0,0.6116931597055449,-0.7859115082645589,-0.0904133814585706,0.0,1.278222680091858,0.4655444622039795,0.7195301055908203,1.0
82.0,-0.13674476807020314,0.007566599877029454,-0.990577414931174,0.0,0.7500573829691266,0.6539896850274846,-0.0985465074528595,0.0,0.6470817495950039,-0.7564656227773688,-0.0951050519011278,0.0,1.3126966953277588,0.45613521337509155,0.7232023477554321,1.0
83.0,-0.1437121644111261,0.0015092993690459927,-0.9896183788792949,0.0,0.7158442227138765,0.6906361883150062,-0.10290142951818393,0.0,0.683310956013026,-0.7232007863692724,-0.10033324467707688,0.0,1.3526430130004883,0.4497118592262268,0.726730465888977,1.0
84.0,-0.15030121757852183,-0.004835604293503666,-0.9886284240934662,0.0,0.6794014427484392,0.725946865714046,-0.10684019726344753,0.0,0.7182083427430742,-0.6877337894062423,-0.10582538128056584,0.0,1.397479772567749,0.44727784395217896,0.7297934889793396,1.0
85.0,-0.15613925198127665,-0.011041847427033328,-0.9876733324313892,0.0,0.6427930339148106,0.758087494412891,-0.11009298962867017,0.0,0.7499584318756077,-0.6520593749193269,-0.11126959170634179,0.0,1.4463293552398682,0.4491300582885742,0.7321103811264038,1.0
86.0,-0.16093647444094042,-0.016616682305329714,-0.9868248765934533,0.0,0.6084081627625078,0.7856171374843909,-0.11245097053730342,0.0,0.7771350968000805,-0.6184897728822971,-0.11632472721452754,0.0,1.4981482028961182,0.4551992416381836,0.7334451079368591,1.0
87.0,-0.16448001890588773,-0.021020079303299046,-0.9861564174342738,0.0,0.5788656428584428,0.8074486908389797,-0.11375930370962965,0.0,0.7986619378052271,-0.5895632009619503,-0.12064137421589001,0.0,1.551978349685669,0.46546483039855957,0.733605146408081,1.0
88.0,-0.16691794538962618,-0.024149702081886826,-0.9856749927822365,0.0,0.5546593234225493,0.8242143057913426,-0.11412192194900675,0.0,0.8151634403279785,-0.5657628213467649,-0.12418130106583247,0.0,1.608574390411377,0.48095524311065674,0.7326610684394836,1.0
89.0,-0.1686530674951309,-0.026355953818832902,-0.985323046783532,0.0,0.5341107727723334,0.837716339302442,-0.11382889472474311,0.0,0.8284212848744433,-0.5454692462128506,-0.12720643145281996,0.0,1.6678669452667236,0.5015775561332703,0.7309032678604126,1.0
90.0,-0.16986384556620898,-0.027770914890305455,-0.9850761646977427,0.0,0.5166030600298203,0.8487345168231467,-0.1130088417815431,0.0,0.8392065016057043,-0.5280894774932893,-0.12982276928019848,0.0,1.728724479675293,0.5260197520256042,0.7284898161888123,1.0
91.0,-0.170714622513377,-0.02854122388201561,-0.9849070596759024,0.0,0.501431714237368,0.8579466488003962,-0.11177559558841127,0.0,0.848187923527027,-0.512945363904857,-0.13215256346898493,0.0,1.7906235456466675,0.5531166195869446,0.7255672812461853,1.0
92.0,-0.1713441557033775,-0.02882813609657766,-0.984789377925805,0.0,0.48784049013973274,0.8659452959977161,-0.11022885520431168,0.0,0.8559514218029677,-0.4993072029408598,-0.1343111335848706,0.0,1.8533766269683838,0.5817957520484924,0.7222707271575928,1.0
93.0,-0.17188601906602421,-0.028800724234045245,-0.9846957472911259,0.0,0.4750243068236711,0.8732629711929599,-0.10846055075433797,0.0,0.8630220764130689,-0.4863972670840555,-0.136420651650829,0.0,1.9169906377792358,0.6110297441482544,0.7187258005142212,1.0
94.0,-0.17245349496452775,-0.028634882628362678,-0.9846013587088834,0.0,0.4621544983336503,0.8803750609053144,-0.10655032522679658,0.0,0.8698695371976718,-0.4734129229677027,-0.13859001631677656,0.0,1.9815748929977417,0.6397969722747803,0.7150501012802124,1.0
95.0,-0.173157047863432,-0.028512432416921377,-0.98448142591564,0.0,0.4483674614286946,0.8877113272757177,-0.10457159728325854,0.0,0.8769169038781321,-0.4595167468374296,-0.1409294258440599,0.0,2.0472826957702637,0.6670354604721069,0.7113503217697144,1.0
96.0,-0.17409279711551706,-0.028622550318314,-0.9843131857319454,0.0,0.43277644866114096,0.895645135238281,-0.1025881923432326,0.0,0.8845316520491205,-0.4438474302474634,-0.14353820113815316,0.0,2.114231586456299,0.6915761232376099,0.7077224254608154,1.0
97.0,-0.1753426446408945,-0.02915935424331345,-0.9840755504687889,0.0,0.41446397440726385,0.9044828150786889,-0.10065014230424772,0.0,0.8930143172922099,-0.4255121258994193,-0.1465089069773054,0.0,2.182389259338379,0.7120116353034973,0.7042497396469116,1.0
98.0,-0.1769637730310444,-0.030326699901517727,-0.9837500263317405,0.0,0.39247634028901757,0.9144411270897121,-0.09879143384037165,0.0,0.9025775010202484,-0.40358111496944515,-0.14992043987416528,0.0,2.2513060569763184,0.726399838924408,0.7009989619255066,1.0
99.0,-0.17899782634639802,-0.03233468738900422,-0.9833179781508726,0.0,0.36581548702840017,0.9256157616127971,-0.09702830156266962,0.0,0.9133119990525905,-0.37708080015484385,-0.15385467994553673,0.0,2.319247007369995,0.7315213084220886,0.6980184316635132,1.0
100.0,-0.1814449025950263,-0.035406747284098185,-0.9827635064292127,0.0,0.33343657664741305,0.9379380605211723,-0.09535325888209406,0.0,0.9251474459111559,-0.3449906620077445,-0.15837817542680224,0.0,2.3780436515808105,0.7271605134010315,0.6953328847885132,1.0
101.0,-0.1843744429250817,-0.039830713103165445,-0.9820486643185047,0.0,0.29143628132885385,0.9520266027648975,-0.09332867487078937,0.0,0.938653801314028,-0.3034120332511907,-0.16392125962517298,0.0,2.4264514446258545,0.7129639387130737,0.6926031112670898,1.0
102.0,-0.18751583189930243,-0.045495072238903624,-0.9812074251599858,0.0,0.23838376405782383,0.9669553389030918,-0.09039111460995954,0.0,0.9528961086187394,-0.2508536843835147,-0.17047414821749274,0.0,2.484351873397827,0.6901235580444336,0.6892833709716797,1.0
103.0,-0.19037410689704162,-0.051988244386188015,-0.9803340868646748,0.0,0.17709828931251348,0.9803949301038473,-0.08638273524989847,0.0,0.9656054553210307,-0.19006052581300187,-0.17743478007975264,0.0,2.550147533416748,0.662003219127655,0.6851205229759216,1.0
104.0,-0.1925689543824434,-0.05884188447564169,-0.9795176519284416,0.0,0.11066504404686003,0.9905302157024947,-0.08125970592166962,0.0,0.9750233052774477,-0.12404646069809866,-0.18423362818474837,0.0,2.6216564178466797,0.6314177513122559,0.6799687743186951,1.0
105.0,-0.19387008536757,-0.06553011374069267,-0.9788361426677619,0.0,0.04241999685933411,0.9962733781742066,-0.0750992663599896,0.0,0.9801096540010332,-0.05608172727802222,-0.19036781765699876,0.0,2.696265935897827,0.6004853248596191,0.6738143563270569,1.0
106.0,-0.19422468755267222,-0.07150336970196892,-0.97834760635795,0.0,-0.024172748520337302,0.9973858932701386,-0.06809594800500433,0.0,0.9806591910414338,0.010423436429089702,-0.19544539646399794,0.0,2.7710132598876953,0.5705265998840332,0.6667721271514893,1.0
107.0,-0.19376597385341984,-0.07620647784715856,-0.9780834934251608,0.0,-0.08566323136964567,0.99448473567282,-0.06051381086224894,0.0,0.9773006488117905,0.07206027510280552,-0.19922539643369172,0.0,2.8427300453186035,0.542037844657898,0.6590663194656372,1.0
108.0,-0.19277365075065328,-0.07911223459643553,-0.9780488606983926,0.0,-0.13873356605033102,0.9889293174030923,-0.052647913839128826,0.0,0.9713862863079875,0.12553907566097675,-0.20161503727391952,0.0,2.908184289932251,0.5152480602264404,0.6509886384010315,1.0
109.0,-0.19164423269805986,-0.07973632556642811,-0.9782201216795412,0.0,-0.18026363464491682,0.9825985913298411,-0.0447775651550651,0.0,0.964768112086099,0.16775615250051706,-0.2026829129454366,0.0,2.9642326831817627,0.4897984266281128,0.6428594589233398,1.0
110.0,-0.19080530966133016,-0.07762824849999667,-0.9785536208301857,0.0,-0.20730424609512593,0.9775716899188431,-0.03712870345364296,0.0,0.9594885530093495,0.19577396687006135,-0.20261853454209158,0.0,3.0078890323638916,0.46454668045043945,0.6349856853485107,1.0
111.0,-0.1906463781225074,-0.07235132390596306,-0.9789888888224547,0.0,-0.21697118182456762,0.975721296448601,-0.029857292481269566,0.0,0.957380522449888,0.20672019152882976,-0.20171588347937197,0.0,3.0364251136779785,0.43842804431915283,0.6276435852050781,1.0
112.0,-0.1916259674023571,-0.062390466107163825,-0.9794829852304948,0.0,-0.2012262952401594,0.9792745021833604,-0.023009291111462542,0.0,0.9606182731559041,0.19268855470022772,-0.2002090261863994,0.0,3.0440824031829834,0.4113438129425049,0.6207836866378784,1.0
113.0,-0.1934205552826111,-0.0482464016653842,-0.979928963507309,0.0,-0.1616482257486818,0.9867075758499575,-0.01667365804506484,0.0,0.9677077760907318,0.15517875011303242,-0.19864847245042547,0.0,3.0331759452819824,0.38379907608032227,0.6144426465034485,1.0
114.0,-0.195154850774766,-0.03251971674559238,-0.9802331621822765,0.0,-0.1098105352582163,0.9938904370968413,-0.011110598262643451,0.0,0.974605679526537,0.10547164107112517,-0.1975335474403801,0.0,3.0134332180023193,0.35571205615997314,0.6089849472045898,1.0
115.0,-0.19629704031489198,-0.017895940558630134,-0.9803811540799506,0.0,-0.05767414339778392,0.9983131430072766,-0.006675453712303908,0.0,0.9788468547974937,0.05523227145840764,-0.19699804832180248,0.0,2.994462490081787,0.325120210647583,0.6047545671463013,1.0
116.0,-0.19680698918058567,-0.007110863441714339,-0.9804164648917245,0.0,-0.017452744414702338,0.9998406632347898,-0.0037483135689134776,0.0,0.9802869022495749,0.016373263673718656,-0.19689973467377492,0.0,2.9854748249053955,0.2872798442840576,0.6020452976226807,1.0
117.0,-0.19700069940854095,-0.0028956984722472157,-0.9803990714820693,0.0,-0.0013522569969848836,0.9999954895126045,-0.002681856718891974,0.0,0.9804024152528185,0.0007974238549138976,-0.19700372656788961,0.0,2.99522066116333,0.2347545623779297,0.6011019349098206,1.0
118.0,-0.19714503960485485,-0.0028737677961607243,-0.9803701213408403,0.0,-0.0013540622203712495,0.9999955480959514,-0.0026590042838049877,0.0,0.9803733981880086,0.0008032726384481964,-0.1971480531944578,0.0,3.0145418643951416,0.16262614727020264,0.6011322140693665,1.0
119.0,-0.19728761796958452,-0.002853665593303687,-0.9803414978407109,0.0,-0.001354124461481702,0.9999956026725169,-0.0026383674067235467,0.0,0.9803447159763906,0.0008069871818306391,-0.19729061464970474,0.0,3.0273849964141846,0.05696535110473633,0.6011829972267151,1.0
120.0,-0.1974301031886844,-0.002834475803888195,-0.9803128684771114,0.0,-0.00135402751814847,0.9999956545207943,-0.002618692232503421,0.0,0.9803160311676973,0.0008103619226305142,-0.19743308321851438,0.0,3.032057762145996,0.056963443756103516,0.6012536287307739,1.0
121.0,-0.1975708706131055,-0.0028180288642519,-0.9802845555238028,0.0,-0.0013541341236057325,0.9999956985360596,-0.0026017744240720408,0.0,0.9802876707405612,0.0008134019293756354,-0.19757383675817627,0.0,3.032057762145996,0.056963562965393066,0.6013409495353699,1.0
122.0,-0.19770970029958482,-0.0028024941111005532,-0.9802566094825403,0.0,-0.0013558475998500285,0.999995738518119,-0.0025854637665154736,0.0,0.9802596778837404,0.0008179073047908192,-0.19771265751819336,0.0,3.0320191383361816,0.05696511268615723,0.6014432311058044,1.0
123.0,-0.19784672459480088,-0.0027887871950089244,-0.9802290019342876,0.0,-0.0013559036986762216,0.999995774826784,-0.0025713525117877158,0.0,0.9802320312519219,0.0008203624570365882,-0.19784966998499176,0.0,3.031951904296875,0.0569688081741333,0.6015586256980896,1.0
124.0,-0.19798014400200453,-0.002775994745267323,-0.9802020997907115,0.0,-0.0013576516921153736,0.9999958071227547,-0.002557834786201622,0.0,0.9802050904595571,0.0008243725400903679,-0.19798308272952692,0.0,3.031852960586548,0.05697441101074219,0.6016843318939209,1.0
125.0,-0.19810820263504977,-0.0027650315082316016,-0.9801762569300833,0.0,-0.0013577437098387765,0.999995835871682,-0.0025465214145341595,0.0,0.9801792165623227,0.0008263413669751102,-0.19811113189121093,0.0,3.031735420227051,0.05698275566101074,0.6018190383911133,1.0
126.0,-0.1982341921303621,-0.002753151139873797,-0.9801508175935089,0.0,-0.0013590791455458328,0.9999958658094728,-0.0025340220676059173,0.0,0.9801537420090273,0.0008297727182686664,-0.19823711434274152,0.0,3.0315942764282227,0.05699360370635986,0.6019602417945862,1.0
127.0,-0.19835306492729976,-0.0027449284900154256,-0.9801267912885205,0.0,-0.0013592911326154328,0.9999958871126231,-0.002525487171814551,0.0,0.980129692419102,0.0008313395352733087,-0.198355980280439,0.0,3.031437397003174,0.05700790882110596,0.602105975151062,1.0
128.0,-0.19846811228405595,-0.0027376172394246393,-0.9801035220109423,0.0,-0.0013610257090955948,0.9999959046998159,-0.0025175767348976376,0.0,0.9801064003542791,0.0008342873889266413,-0.19847102546500367,0.0,3.03126859664917,0.057026028633117676,0.6022542715072632,1.0
129.0,-0.19857600112431964,-0.0027312218378624476,-0.9800816864959505,0.0,-0.00136109262508856,0.9999959212848781,-0.0025109441399065622,0.0,0.9800845469674236,0.000835368709124807,-0.19857890863528202,0.0,3.0310909748077393,0.05704855918884277,0.6024021506309509,1.0
130.0,-0.1986801099790987,-0.002724824717418192,-0.9800606048755109,0.0,-0.0013626691097540081,0.9999959365332229,-0.0025040067771157416,0.0,0.9800634454113624,0.0008380019700849231,-0.19868301568354446,0.0,3.0309081077575684,0.057076454162597656,0.6025484800338745,1.0
131.0,-0.1987751274967742,-0.0027202557487399637,-0.9800413506058316,0.0,-0.0013644418733315962,0.9999959468845423,-0.002498902331398568,0.0,0.9800441760385169,0.000840489826837312,-0.19877803346908207,0.0,3.0307254791259766,0.057111263275146484,0.6026909351348877,1.0
132.0,-0.1988628545449351,-0.002716600805773471,-0.9800235635750306,0.0,-0.001366226135909661,0.9999959548558156,-0.002494734084221279,0.0,0.9800263764350354,0.0008428238650447422,-0.19886576160703723,0.0,3.0305428504943848,0.05715358257293701,0.6028271913528442,1.0
133.0,-0.198941491824745,-0.0027138602720927648,-0.980007611089306,0.0,-0.0013664310762838909,0.9999959618238756,-0.0024918270517726264,0.0,0.9800104161164098,0.0008433850637382627,-0.198944396766975,0.0,3.0303711891174316,0.0572054386138916,0.6029555201530457,1.0
134.0,-0.19901270635451535,-0.002711118201224297,-0.9799931594391618,0.0,-0.0013680597020023551,0.9999959675442637,-0.002488635743545227,0.0,0.9799959546457847,0.0008454190152131688,-0.19901561281614438,0.0,3.0302088260650635,0.057265639305114746,0.6030732989311218,1.0
135.0,-0.19907307730361234,-0.002708377785606976,-0.9799809052132804,0.0,-0.0013679263366510907,0.9999959747467598,-0.0024858133106262447,0.0,0.9799836930635158,0.0008456831843077751,-0.1990759808453654,0.0,3.030059337615967,0.057329654693603516,0.6031786799430847,1.0
136.0,-0.1991242260122537,-0.002706549974982771,-0.9799705185372944,0.0,-0.0013678914293557831,0.9999959795234844,-0.0024839102046213817,0.0,0.9799733014159407,0.0008458865763493363,-0.1991271277044932,0.0,3.0299291610717773,0.057387351989746094,0.6032696962356567,1.0
137.0,-0.1991644868604597,-0.0027056369715538543,-0.9799623394305457,0.0,-0.001367956614897377,0.9999959818690124,-0.0024829298278040003,0.0,0.9799651197202426,0.00084603451950921,-0.19916738778545615,0.0,3.029822826385498,0.057430386543273926,0.6033443212509155,1.0
138.0,-0.19919548187885752,-0.002704722225918908,-0.9799560421145074,0.0,-0.0013695318562571203,0.9999959828926265,-0.002481648868102555,0.0,0.9799588176967153,0.0008477477752716524,-0.1991983858924692,0.0,3.029740333557129,0.05745720863342285,0.6034002900123596,1.0
139.0,-0.19921378943226584,-0.0027056364235145086,-0.9799523180398017,0.0,-0.0013697961527865063,0.9999959803885689,-0.0024825118740749432,0.0,0.9799550957868102,0.0008477843174200737,-0.19921669484060434,0.0,3.02968692779541,0.05747115612030029,0.6034351587295532,1.0
140.0,-0.19922103284975187,-0.002704721761068807,-0.9799508480278353,0.0,-0.001369611522100686,0.9999959828808613,-0.002481609642705631,0.0,0.9799536235121318,0.0008477631364015419,-0.19922393697321603,0.0,3.029670476913452,0.05747509002685547,0.6034473180770874,1.0
141.0,-0.19922103284975187,-0.002704721761068807,-0.9799508480278353,0.0,-0.001369611522100686,0.9999959828808613,-0.002481609642705631,0.0,0.9799536235121318,0.0008477631364015419,-0.19922393697321603,0.0,3.029670476913452,0.05747509002685547,0.6034473180770874,1.0
142.0,-0.19922103284975187,-0.002704721761068807,-0.9799508480278353,0.0,-0.001369611522100686,0.9999959828808613,-0.002481609642705631,0.0,0.9799536235121318,0.0008477631364015419,-0.19922393697321603,0.0,3.029670476913452,0.05747509002685547,0.6034473180770874,1.0
143.0,-0.19922103284975187,-0.002704721761068807,-0.9799508480278353,0.0,-0.001369611522100686,0.9999959828808613,-0.002481609642705631,0.0,0.9799536235121318,0.0008477631364015419,-0.19922393697321603,0.0,3.029670476913452,0.05747509002685547,0.6034473180770874,1.0
144.0,-0.19922103284975187,-0.002704721761068807,-0.9799508480278353,0.0,-0.001369611522100686,0.9999959828808613,-0.002481609642705631,0.0,0.9799536235121318,0.0008477631364015419,-0.19922393697321603,0.0,3.029670476913452,0.05747509002685547,0.6034473180770874,1.0
145.0,-0.19922103284975187,-0.002704721761068807,-0.9799508480278353,0.0,-0.001369611522100686,0.9999959828808613,-0.002481609642705631,0.0,0.9799536235121318,0.0008477631364015419,-0.19922393697321603,0.0,3.029670476913452,0.05747509002685547,0.6034473180770874,1.0
146.0,-0.19922103284975187,-0.002704721761068807,-0.9799508480278353,0.0,-0.001369611522100686,0.9999959828808613,-0.002481609642705631,0.0,0.9799536235121318,0.0008477631364015419,-0.19922393697321603,0.0,3.029670476913452,0.05747509002685547,0.6034473180770874,1.0
147.0,-0.19922103284975187,-0.002704721761068807,-0.9799508480278353,0.0,-0.001369611522100686,0.9999959828808613,-0.002481609642705631,0.0,0.9799536235121318,0.0008477631364015419,-0.19922393697321603,0.0,3.029670476913452,0.05747509002685547,0.6034473180770874,1.0
148.0,-0.19922103284975187,-0.002704721761068807,-0.9799508480278353,0.0,-0.001369611522100686,0.9999959828808613,-0.002481609642705631,0.0,0.9799536235121318,0.0008477631364015419,-0.19922393697321603,0.0,3.029670476913452,0.05747509002685547,0.6034473180770874,1.0
149.0,-0.19922103284975187,-0.002704721761068807,-0.9799508480278353,0.0,-0.001369611522100686,0.9999959828808613,-0.002481609642705631,0.0,0.9799536235121318,0.0008477631364015419,-0.19922393697321603,0.0,3.029670476913452,0.05747509002685547,0.6034473180770874,1.0
150.0,-0.19922103284975187,-0.002704721761068807,-0.9799508480278353,0.0,-0.001369611522100686,0.9999959828808613,-0.002481609642705631,0.0,0.9799536235121318,0.0008477631364015419,-0.19922393697321603,0.0,3.029670476913452,0.05747509002685547,0.6034473180770874,1.0
151.0,-0.19922103284975187,-0.002704721761068807,-0.9799508480278353,0.0,-0.001369611522100686,0.9999959828808613,-0.002481609642705631,0.0,0.9799536235121318,0.0008477631364015419,-0.19922393697321603,0.0,3.029670476913452,0.05747509002685547,0.6034473180770874,1.0
152.0,-0.19922103284975187,-0.002704721761068807,-0.9799508480278353,0.0,-0.001369611522100686,0.9999959828808613,-0.002481609642705631,0.0,0.9799536235121318,0.0008477631364015419,-0.19922393697321603,0.0,3.029670476913452,0.05747509002685547,0.6034473180770874,1.0
